-57.5547249389249
-55.6733601955178
-2.7879579004225
-29.4491874973021
-17.5782469197152
-70.027531875848
-34.3859666937094
-55.9015130680348
-20.726691821261
20.3510988562796
-16.8379797952906
-15.3237922138448
-24.8867163648585
-4.27379629032295
7.92641458506794
-36.8077917247307
0.64861088755606
13.5390206182149
-36.297867955723
-40.7894251764432
-34.4589439659235
5.21407686124166
-33.4263960267608
-6.0362407907357
-2.51476854951167
-8.0796752085376
-20.3770017548824
-13.7268093332565
-27.4249827623521
-21.8452373226653
-37.1554185619114
-41.421785062662
-25.707126646907
-22.3146312972213
3.40034179206611
-57.0369989067766
-57.7908062180574
18.3061925839176
-52.025843935883
-41.068740366466
-4.22233052729628
-40.5522744417031
-13.6427850473145
-45.7127096721323
-50.4314072278201
-46.5635736154108
-3.73819900394873
-28.0214342687684
-18.3051470064175
-42.6853232149066
-22.7367310422493
-4.62299314609446
-32.0875806053489
-25.6823352607342
-3.60118072840042
-30.1083843548609
-24.2396842335019
-22.2061861405996
-7.9036017912518
-3.80013999654775
-70.3439701995159
-5.9344570418202
-22.4622934081165
7.42509957289732
-25.7973481982914
-20.6473361646251
23.8426092060659
-19.6427714777701
-9.7704339000718
-18.4438554925345
-17.3979224302429
-17.954395244556
-21.819471659888
-38.1079510106532
-34.3472609678691
-20.6900936885627
-51.9321256164983
-9.2416495857066
-24.6947165283785
-30.1180906606345
-22.7759206259458
-18.0917940159017
-43.5332971146547
-83.8704108482541
-58.324970584441
-15.8462702759814
-52.7554860789188
-0.22745807084288
-16.7729152145158
8.1687301361126
38.8300903582435
31.9230713915768
44.8015304721158
43.2454654691779
20.4928226880369
46.8683816515969
22.8947056418592
50.2751508501814
28.2370351317431
6.6815431687194
50.2288892341393
45.9293724769721
31.4422400476734
6.5159406597177
40.5792042566727
-9.50965878304812
77.6192776231439
16.2800394377289
9.55092441405
19.8067258382682
35.6556557616995
23.2738561463215
-18.375060475835
36.2801484746024
14.215030802244
43.1563332773791
57.4587571245109
11.8348874268752
12.1215656909449
5.2125039964456
25.0955380735311
10.2080441041839
30.2104072118871
36.370537320917
29.9929436605062
42.022350662503
25.3848667721963
12.9589572643955
10.1642339525897
32.0577768711991
46.298289080429
12.3416182357794
30.5560938968525
44.8098601722665
45.3335796816364
14.7460798349397
8.9220361918889
34.0357526427256
21.8052884455066
60.3362905602219
24.2550706570353
3.72890951395514
13.2498190716582
69.657393208609
62.4124908680703
31.3725337883968
38.4694984229315
12.5866936038907
19.5966325183812
2.37414059343509
35.2890929408073
10.4048839893147
42.0618186288025
35.3044511344248
12.8221939634428
19.8654496302376
10.1750706515518
23.65833068614
35.3140858369074
25.741009992296
38.7441218231027
39.1483283244097
-12.68658086775
14.1272717956624
28.8811734862021
41.7175846761328
33.7759358450756
25.5049126278689
18.6258243530684
66.705987828616
24.8356465991154
39.7404167470533
29.1827553239431
32.3346254194953
11.8712973395425
38.1212124944467
53.1671681050304
7.2474143367003
23.2965496163699
23.5960759036216
22.5056974880276